100000
2
5271 27907 
0 25543 
25543 0 
2
22716 29206 
0 12019 
12019 0 
1
8719 
0 
0

1
6750 
0 
0

1
5752 
0 
0

0

1
14739 
0 
1
8146 
0 
2
7902 9414 
0 4375 
4375 0 
2
9252 10656 
0 7416 
7416 0 
0

1
11297 
0 
3
3706 4876 15308 
0 4496 14382 
4496 0 11034 
14382 11034 0 
0

1
5278 
0 
1
8694 
0 
4
7791 9322 10323 12514 
0 5357 5032 6479 
5357 0 2700 7328 
5032 2700 0 5812 
6479 7328 5812 0 
1
5513 
0 
3
4852 10149 18620 
0 7174 16888 
7174 0 11114 
16888 11114 0 
1
23891 
0 
0

1
3748 
0 
1
3576 
0 
2
11252 14923 
0 5096 
5096 0 
4
14423 15044 22106 22458 
0 15702 18029 17473 
15702 0 8044 8396 
18029 8044 0 1108 
17473 8396 1108 0 
0

1
3927 
0 
3
7353 8676 27051 
0 6272 21566 
6272 0 19112 
21566 19112 0 
0

0

2
6695 13960 
0 11014 
11014 0 
1
7379 
0 
0

2
8286 18305 
0 10655 
10655 0 
1
6178 
0 
4
2397 21150 25980 28982 
0 19149 24213 27215 
19149 0 8684 20322 
24213 8684 0 18628 
27215 20322 18628 0 
0

0

3
9554 14686 27069 
0 5828 23897 
5828 0 19722 
23897 19722 0 
1
4703 
0 
0

1
9264 
0 
0

3
4683 10320 15474 
0 6555 11518 
6555 0 5396 
11518 5396 0 
0

3
3703 8725 9397 
0 5779 6504 
5779 0 754 
6504 754 0 
0

3
5862 7723 10190 
0 6390 8684 
6390 0 2899 
8684 2899 0 
1
4077 
0 
2
15323 16168 
0 15162 
15162 0 
0

1
2794 
0 
3
3049 5546 9785 
0 2683 7015 
2683 0 4657 
7015 4657 0 
0

1
6568 
0 
2
7850 10128 
0 8213 
8213 0 
1
7730 
0 
3
8399 12128 14021 
0 9784 10891 
9784 0 3611 
10891 3611 0 
2
10372 16604 
0 16520 
16520 0 
1
8081 
0 
0

3
18040 23717 24758 
0 6129 11214 
6129 0 8722 
11214 8722 0 
0

0

2
2969 4880 
0 2095 
2095 0 
3
5704 12426 20471 
0 9757 14807 
9757 0 14937 
14807 14937 0 
0

1
4582 
0 
2
11030 11415 
0 10305 
10305 0 
1
3669 
0 
2
5882 11625 
0 7991 
7991 0 
2
5931 10902 
0 9429 
9429 0 
2
4921 9042 
0 6112 
6112 0 
2
6124 7000 
0 1796 
1796 0 
1
8337 
0 
1
18023 
0 
1
5067 
0 
2
10937 13343 
0 6122 
6122 0 
1
6821 
0 
1
3369 
0 
0

1
9781 
0 
1
8298 
0 
1
4807 
0 
0

2
6940 7202 
0 4978 
4978 0 
2
5302 5783 
0 4406 
4406 0 
0

2
21121 40719 
0 20148 
20148 0 
3
7162 7508 17092 
0 9718 14887 
9718 0 13819 
14887 13819 0 
4
4899 5520 9967 10268 
0 4433 6148 5635 
4433 0 5530 9688 
6148 5530 0 5524 
5635 9688 5524 0 
2
3357 7423 
0 4405 
4405 0 
1
2855 
0 
4
15991 22132 24783 25525 
0 11564 14215 20474 
11564 0 2752 14359 
14215 2752 0 14140 
20474 14359 14140 0 
0

1
9862 
0 
0

1
8069 
0 
1
32849 
0 
2
9823 19951 
0 18744 
18744 0 
0

2
6273 7131 
0 4172 
4172 0 
1
18050 
0 
1
13878 
0 
4
17994 18570 22950 25426 
0 4394 7515 13032 
4394 0 9115 16640 
7515 9115 0 11313 
13032 16640 11313 0 
3
17417 20577 24024 
0 17969 19003 
17969 0 4658 
19003 4658 0 
0

3
23916 23520 25630 
0 11344 2610 
11344 0 13413 
2610 13413 0 
1
9876 
0 
1
15284 
0 
0

0

3
14792 18965 28956 
0 10969 16113 
10969 0 22024 
16113 22024 0 
1
8059 
0 
1
4455 
0 
0

2
17147 20415 
0 13181 
13181 0 
4
10713 11164 18819 27956 
0 3670 9350 17258 
3670 0 11988 20135 
9350 11988 0 21053 
17258 20135 21053 0 
2
4499 9284 
0 5351 
5351 0 
2
9238 9383 
0 3321 
3321 0 
1
4358 
0 
0

0

0

1
12795 
0 
1
4080 
0 
0

1
1574 
0 
1
9321 
0 
1
10149 
0 
0

2
8365 10449 
0 3411 
3411 0 
0

0

1
5198 
0 
2
1448 9613 
0 8987 
8987 0 
1
4217 
0 
0

2
11351 18611 
0 16086 
16086 0 
1
5672 
0 
0

0

3
2158 4380 9606 
0 3167 7612 
3167 0 5460 
7612 5460 0 
1
8988 
0 
2
13923 15426 
0 12859 
12859 0 
2
24303 25552 
0 2003 
2003 0 
1
6142 
0 
4
11961 25454 26070 27504 
0 15837 16453 16889 
15837 0 858 20803 
16453 858 0 21419 
16889 20803 21419 0 
4
4487 5657 9295 10713 
0 1829 5460 6535 
1829 0 4239 6341 
5460 4239 0 8285 
6535 6341 8285 0 
2
8882 12758 
0 9891 
9891 0 
0

1
42932 
0 
0

4
6785 12431 16942 20305 
0 5649 14496 13530 
5649 0 12591 8735 
14496 12591 0 13300 
13530 8735 13300 0 
0

0

0

3
3399 9958 22193 
0 8722 19799 
8722 0 19199 
19799 19199 0 
0

3
172 5551 5884 
0 5388 5760 
5388 0 4180 
5760 4180 0 
1
7010 
0 
4
4850 6399 10295 11244 
0 5809 9687 6678 
5809 0 4507 5887 
9687 4507 0 6219 
6678 5887 6219 0 
2
8989 8902 
0 3088 
3088 0 
3
5923 7451 7616 
0 2194 3926 
2194 0 5179 
3926 5179 0 
2
3137 4109 
0 2222 
2222 0 
0

2
5912 6409 
0 3277 
3277 0 
4
14515 17614 26312 31244 
0 13120 12330 24767 
13120 0 19107 19627 
12330 19107 0 22108 
24767 19627 22108 0 
1
4229 
0 
0

4
6235 9067 11840 15895 
0 8305 5685 9740 
8305 0 10681 8265 
5685 10681 0 4782 
9740 8265 4782 0 
3
11612 26994 28846 
0 18899 18137 
18899 0 16587 
18137 16587 0 
3
7163 8572 8809 
0 2791 5103 
2791 0 3932 
5103 3932 0 
1
5881 
0 
0

0

0

0

0

2
5623 7804 
0 4284 
4284 0 
1
3581 
0 
1
6774 
0 
1
4383 
0 
1
7215 
0 
2
11686 14737 
0 3122 
3122 0 
2
5534 6929 
0 1927 
1927 0 
1
3655 
0 
4
13861 25022 30310 32930 
0 15421 23143 21635 
15421 0 9730 22662 
23143 9730 0 32392 
21635 22662 32392 0 
2
5491 9690 
0 5252 
5252 0 
1
4907 
0 
1
6779 
0 
1
7329 
0 
3
3583 10104 13753 
0 9580 12295 
9580 0 5714 
12295 5714 0 
1
3257 
0 
2
4383 5468 
0 4213 
4213 0 
2
10989 10757 
0 7326 
7326 0 
1
12198 
0 
2
14053 15186 
0 7502 
7502 0 
3
4788 7988 12259 
0 4431 9200 
4431 0 6396 
9200 6396 0 
2
8607 14089 
0 9476 
9476 0 
0

1
7126 
0 
2
7036 7811 
0 7144 
7144 0 
4
3455 8746 9986 10284 
0 6344 7894 7882 
6344 0 1878 2684 
7894 1878 0 3986 
7882 2684 3986 0 
2
15255 19019 
0 13462 
13462 0 
0

0

0

2
10187 10569 
0 382 
382 0 
1
1534 
0 
2
9336 12599 
0 4550 
4550 0 
0

3
6912 9033 12589 
0 7835 8679 
7835 0 4264 
8679 4264 0 
0

1
39090 
0 
1
4837 
0 
1
6875 
0 
0

0

1
4029 
0 
2
7867 9571 
0 4469 
4469 0 
3
12274 16862 22777 
0 9560 12043 
9560 0 13614 
12043 13614 0 
0

3
5835 7714 7790 
0 2552 2146 
2552 0 1822 
2146 1822 0 
0

1
12737 
0 
1
7274 
0 
3
14068 16895 20321 
0 15639 8225 
15639 0 9790 
8225 9790 0 
1
11742 
0 
2
8445 12696 
0 4251 
4251 0 
1
7447 
0 
2
15903 20025 
0 4317 
4317 0 
1
11046 
0 
0

1
9890 
0 
0

0

2
3070 5420 
0 3789 
3789 0 
3
5507 6764 9128 
0 7147 4620 
7147 0 8386 
4620 8386 0 
1
17371 
0 
4
6053 9669 9789 11455 
0 7189 7604 6149 
7189 0 2380 4576 
7604 2380 0 5723 
6149 4576 5723 0 
2
8301 10158 
0 6641 
6641 0 
2
3484 5984 
0 3928 
3928 0 
0

0

1
23075 
0 
3
16045 22385 28675 
0 15007 20091 
15007 0 9519 
20091 9519 0 
1
8878 
0 
2
9906 12114 
0 6984 
6984 0 
0

0

1
7319 
0 
3
6542 11164 14355 
0 6288 9375 
6288 0 3565 
9375 3565 0 
0

4
6553 9659 12102 13028 
0 9924 6227 6986 
9924 0 4754 11361 
6227 4754 0 6773 
6986 11361 6773 0 
1
13213 
0 
1
9881 
0 
1
12381 
0 
4
451 3993 8709 10894 
0 3556 8258 10457 
3556 0 6064 7635 
8258 6064 0 10777 
10457 7635 10777 0 
4
10670 13327 16163 16283 
0 10826 9797 8354 
10826 0 5263 17076 
9797 5263 0 12804 
8354 17076 12804 0 
3
5572 7768 12992 
0 3671 7985 
3671 0 6383 
7985 6383 0 
4
8496 16684 17487 20844 
0 10227 9641 14121 
10227 0 6400 5011 
9641 6400 0 5282 
14121 5011 5282 0 
1
3989 
0 
1
10550 
0 
0

0

0

1
10082 
0 
1
7206 
0 
2
8057 11249 
0 6723 
6723 0 
3
5318 16987 20249 
0 12000 15628 
12000 0 14030 
15628 14030 0 
1
2647 
0 
4
5562 5966 5855 11610 
0 3817 2560 11642 
3817 0 1601 8129 
2560 1601 0 9105 
11642 8129 9105 0 
2
9951 21229 
0 14484 
14484 0 
1
14004 
0 
0

2
16473 19391 
0 21144 
21144 0 
1
11747 
0 
1
14111 
0 
1
15795 
0 
1
3058 
0 
1
7934 
0 
1
4342 
0 
1
3654 
0 
4
4986 5447 7649 9015 
0 3921 2828 5324 
3921 0 6040 4676 
2828 6040 0 3798 
5324 4676 3798 0 
0

1
9289 
0 
1
8483 
0 
2
3578 6003 
0 3897 
3897 0 
2
3465 7781 
0 5472 
5472 0 
3
3262 4613 14152 
0 1679 11306 
1679 0 10293 
11306 10293 0 
2
9287 9919 
0 7646 
7646 0 
0

0

0

0

2
3541 7451 
0 6880 
6880 0 
0

1
2126 
0 
2
1684 12837 
0 12715 
12715 0 
0

1
4283 
0 
0

0

0

0

2
3428 11959 
0 11266 
11266 0 
1
10497 
0 
0

3
5479 7094 7360 
0 4862 5331 
4862 0 556 
5331 556 0 
0

2
3664 6980 
0 3991 
3991 0 
0

4
4165 10329 11234 11115 
0 9224 8238 7297 
9224 0 3738 7081 
8238 3738 0 4082 
7297 7081 4082 0 
2
11852 12992 
0 15151 
15151 0 
4
8752 9686 10732 11796 
0 1176 6626 3830 
1176 0 7237 2940 
6626 7237 0 6081 
3830 2940 6081 0 
1
13155 
0 
0

3
4046 7545 7922 
0 3998 4090 
3998 0 2281 
4090 2281 0 
2
7176 9633 
0 5732 
5732 0 
3
4884 6327 7062 
0 1670 2488 
1670 0 835 
2488 835 0 
2
7580 8217 
0 3172 
3172 0 
2
8296 13711 
0 7339 
7339 0 
4
10722 22146 23628 24421 
0 12790 15978 15065 
12790 0 24563 3610 
15978 24563 0 21642 
15065 3610 21642 0 
1
10332 
0 
4
7898 9044 9142 11561 
0 2140 3173 7135 
2140 0 4722 5255 
3173 4722 0 9715 
7135 5255 9715 0 
1
2933 
0 
1
31575 
0 
2
6930 8927 
0 8065 
8065 0 
0

0

3
3932 7006 11898 
0 5478 8410 
5478 0 5783 
8410 5783 0 
3
2850 6741 10154 
0 4331 8351 
4331 0 6609 
8351 6609 0 
2
9612 11539 
0 5241 
5241 0 
0

0

4
17085 22344 22748 31777 
0 8082 6948 15540 
8082 0 14913 10520 
6948 14913 0 20501 
15540 10520 20501 0 
1
9930 
0 
2
12359 17190 
0 15436 
15436 0 
2
2552 12147 
0 10675 
10675 0 
0

1
9798 
0 
1
4365 
0 
1
7487 
0 
1
6145 
0 
1
17696 
0 
1
13471 
0 
1
9090 
0 
1
5482 
0 
2
35772 38095 
0 7097 
7097 0 
2
10816 40801 
0 32126 
32126 0 
3
3207 5498 8356 
0 3723 5519 
3723 0 7691 
5519 7691 0 
0

1
5265 
0 
2
13206 16216 
0 12635 
12635 0 
0

3
5106 13539 13898 
0 8669 9718 
8669 0 10807 
9718 10807 0 
0

3
8306 11897 13222 
0 6492 4916 
6492 0 4911 
4916 4911 0 
1
897 
0 
0

2
14714 18045 
0 4361 
4361 0 
1
7398 
0 
2
6129 19308 
0 15472 
15472 0 
4
6075 7860 22349 36596 
0 2260 23337 30996 
2260 0 24953 29210 
23337 24953 0 43340 
30996 29210 43340 0 
0

2
3550 9835 
0 8405 
8405 0 
0

4
1303 8590 10505 13317 
0 8310 9812 12624 
8310 0 2334 5454 
9812 2334 0 3278 
12624 5454 3278 0 
3
6726 7853 12021 
0 1566 6584 
1566 0 5095 
6584 5095 0 
1
8557 
0 
2
20265 22102 
0 16030 
16030 0 
1
13023 
0 
2
6288 13314 
0 7985 
7985 0 
1
6032 
0 
0

0

1
5262 
0 
0

0

0

0

1
15390 
0 
2
9043 11119 
0 5966 
5966 0 
1
6565 
0 
1
2633 
0 
0

0

0

0

0

0

2
16261 17893 
0 4890 
4890 0 
4
3622 6771 8524 10724 
0 4768 6237 7604 
4768 0 1788 8483 
6237 1788 0 7955 
7604 8483 7955 0 
3
2680 6369 8496 
0 3844 6738 
3844 0 5752 
6738 5752 0 
0

1
24374 
0 
2
2195 15220 
0 13048 
13048 0 
0

2
3615 7766 
0 4277 
4277 0 
1
5584 
0 
1
4103 
0 
2
10294 11372 
0 5207 
5207 0 
0

1
14804 
0 
0

0

1
4030 
0 
1
5098 
0 
0

2
3974 9874 
0 8158 
8158 0 
2
5062 7576 
0 5661 
5661 0 
1
6136 
0 
4
17241 21418 22566 29752 
0 5657 5686 25138 
5657 0 4689 22934 
5686 4689 0 27623 
25138 22934 27623 0 
2
9235 10751 
0 5438 
5438 0 
1
18066 
0 
1
3474 
0 
3
4017 9732 13197 
0 5804 9269 
5804 0 3471 
9269 3471 0 
0

0

0

0

0

2
14060 17236 
0 11041 
11041 0 
2
15759 22444 
0 12299 
12299 0 
1
17612 
0 
4
12152 12575 19466 36508 
0 11033 8253 24978 
11033 0 18347 35171 
8253 18347 0 20781 
24978 35171 20781 0 
2
9134 27566 
0 21751 
21751 0 
4
9345 10501 13128 17688 
0 3789 4166 15258 
3789 0 5897 12537 
4166 5897 0 14770 
15258 12537 14770 0 
0

4
2876 14804 19062 19266 
0 12361 16979 17183 
12361 0 7614 16869 
16979 7614 0 12749 
17183 16869 12749 0 
0

2
4544 8211 
0 3944 
3944 0 
0

0

4
13064 27250 27907 34238 
0 16132 17832 22222 
16132 0 1700 23833 
17832 1700 0 25533 
22222 23833 25533 0 
1
6717 
0 
2
11877 17590 
0 9201 
9201 0 
1
12038 
0 
2
13860 23430 
0 9939 
9939 0 
0

1
1885 
0 
1
17130 
0 
4
11447 19765 20170 25310 
0 11043 14611 18792 
11043 0 9132 11045 
14611 9132 0 7172 
18792 11045 7172 0 
1
14777 
0 
3
12297 18105 18946 
0 8702 7118 
8702 0 10665 
7118 10665 0 
0

2
6636 8177 
0 4184 
4184 0 
1
4514 
0 
1
12337 
0 
1
5208 
0 
1
9306 
0 
0

1
5160 
0 
3
15059 19492 22920 
0 10084 12728 
10084 0 4491 
12728 4491 0 
1
4574 
0 
3
11717 39373 40530 
0 36098 37255 
36098 0 11990 
37255 11990 0 
0

0

1
10318 
0 
1
26550 
0 
2
11335 11712 
0 10319 
10319 0 
0

1
14155 
0 
0

1
5655 
0 
3
8333 9763 9865 
0 5976 7597 
5976 0 2072 
7597 2072 0 
1
14300 
0 
1
6526 
0 
0

1
6439 
0 
3
6292 9488 9664 
0 7436 7612 
7436 0 176 
7612 176 0 
3
1675 4265 10182 
0 3262 9289 
3262 0 6833 
9289 6833 0 
0

2
10981 13732 
0 10030 
10030 0 
1
10253 
0 
0

1
20005 
0 
2
4707 6712 
0 2333 
2333 0 
1
32337 
0 
3
5749 8445 13265 
0 4241 9215 
4241 0 5260 
9215 5260 0 
2
7813 12575 
0 7875 
7875 0 
1
8415 
0 
1
10183 
0 
1
7176 
0 
4
6290 12169 14132 14550 
0 7502 9257 10328 
7502 0 2382 7749 
9257 2382 0 8386 
10328 7749 8386 0 
3
10214 13925 22476 
0 6859 23844 
6859 0 18347 
23844 18347 0 
1
6697 
0 
2
4644 10737 
0 6512 
6512 0 
1
3776 
0 
2
19062 23128 
0 16777 
16777 0 
1
7159 
0 
0

1
15900 
0 
0

1
10383 
0 
4
10802 16696 21749 22815 
0 6486 16073 12612 
6486 0 14262 6559 
16073 14262 0 18091 
12612 6559 18091 0 
1
14366 
0 
2
6375 10406 
0 5289 
5289 0 
2
1969 10376 
0 8777 
8777 0 
0

1
10027 
0 
2
10700 15308 
0 7740 
7740 0 
1
9511 
0 
0

0

0

3
4480 9182 12256 
0 6137 9211 
6137 0 6091 
9211 6091 0 
1
5685 
0 
2
6599 8532 
0 3141 
3141 0 
1
14877 
0 
2
8488 9418 
0 3462 
3462 0 
2
11197 11062 
0 4527 
4527 0 
1
6211 
0 
0

1
8177 
0 
0

3
1647 11482 12413 
0 11337 12335 
11337 0 6115 
12335 6115 0 
1
2819 
0 
4
4440 5755 8673 8868 
0 5081 4465 4488 
5081 0 4240 4785 
4465 4240 0 1807 
4488 4785 1807 0 
1
5533 
0 
1
5864 
0 
1
6005 
0 
1
5647 
0 
1
9409 
0 
0

0

1
13329 
0 
0

1
24555 
0 
0

0

0

2
10330 12778 
0 12308 
12308 0 
1
5788 
0 
0

0

0

4
7590 7749 9264 13411 
0 382 4470 7556 
382 0 4818 7485 
4470 4818 0 11548 
7556 7485 11548 0 
0

1
20283 
0 
0

0

4
6573 15726 28309 44171 
0 9881 22464 38320 
9881 0 13748 30043 
22464 13748 0 24562 
38320 30043 24562 0 
2
6484 6824 
0 933 
933 0 
3
12082 13910 19023 
0 6924 14499 
6924 0 7575 
14499 7575 0 
2
5832 5916 
0 4494 
4494 0 
2
9497 11681 
0 6156 
6156 0 
1
10202 
0 
4
10450 10667 11433 11942 
0 8313 10957 10000 
8313 0 2870 1922 
10957 2870 0 1411 
10000 1922 1411 0 
4
846 10592 13169 21064 
0 10502 12831 20437 
10502 0 2577 15515 
12831 2577 0 12938 
20437 15515 12938 0 
0

3
4196 9091 11493 
0 5377 7375 
5377 0 3878 
7375 3878 0 
0

0

0

3
2845 7926 12016 
0 5190 9280 
5190 0 4179 
9280 4179 0 
1
5060 
0 
0

1
2517 
0 
0

0

0

1
16735 
0 
4
10033 11285 14326 14971 
0 3193 4435 10083 
3193 0 6255 12914 
4435 6255 0 7979 
10083 12914 7979 0 
2
5366 16408 
0 15297 
15297 0 
0

0

2
5329 25013 
0 19711 
19711 0 
0

0

2
10381 20118 
0 9975 
9975 0 
1
7688 
0 
2
6366 8172 
0 5037 
5037 0 
3
8543 16419 16714 
0 9932 15026 
9932 0 14633 
15026 14633 0 
0

0

1
12079 
0 
2
8227 10104 
0 6301 
6301 0 
1
6459 
0 
0

1
8379 
0 
1
11447 
0 
0

0

0

3
7465 12348 14590 
0 4978 7280 
4978 0 4783 
7280 4783 0 
2
3770 30482 
0 27313 
27313 0 
1
7270 
0 
1
35657 
0 
0

1
18647 
0 
1
8494 
0 
0

1
5340 
0 
0

4
1781 11801 12833 22806 
0 10326 11355 21331 
10326 0 13280 11862 
11355 13280 0 20500 
21331 11862 20500 0 
0

1
7482 
0 
1
7539 
0 
1
2659 
0 
0

1
12098 
0 
3
5726 7419 20414 
0 5537 16612 
5537 0 19970 
16612 19970 0 
4
6288 24049 31504 34363 
0 19440 26895 29754 
19440 0 10159 12684 
26895 10159 0 11092 
29754 12684 11092 0 
3
5729 6638 18431 
0 2955 16286 
2955 0 16597 
16286 16597 0 
2
15433 21032 
0 12911 
12911 0 
2
4484 19109 
0 16751 
16751 0 
4
3075 7368 11987 12428 
0 6944 9095 12085 
6944 0 7911 5682 
9095 7911 0 12620 
12085 5682 12620 0 
0

0

1
13152 
0 
0

1
9894 
0 
0

0

1
6593 
0 
0

1
5569 
0 
0

2
4510 8448 
0 6206 
6206 0 
2
4657 8548 
0 4442 
4442 0 
1
12150 
0 
1
4098 
0 
1
4335 
0 
3
8008 15727 21486 
0 8745 14732 
8745 0 6075 
14732 6075 0 
0

0

4
3446 4592 6010 8153 
0 2725 2571 4725 
2725 0 2913 6086 
2571 2913 0 3211 
4725 6086 3211 0 
0

1
8244 
0 
1
39916 
0 
1
10755 
0 
4
2566 10737 13313 14056 
0 9479 11461 12909 
9479 0 5244 4060 
11461 5244 0 6506 
12909 4060 6506 0 
0

2
9775 11603 
0 4929 
4929 0 
1
5209 
0 
1
8753 
0 
0

0

2
14517 23017 
0 10654 
10654 0 
3
4005 6269 7034 
0 3907 3031 
3907 0 4265 
3031 4265 0 
2
1926 6909 
0 6586 
6586 0 
0

1
2320 
0 
1
14380 
0 
0

1
7972 
0 
1
4220 
0 
2
5247 7668 
0 5887 
5887 0 
2
3958 7233 
0 4220 
4220 0 
3
8444 10700 16021 
0 2432 11580 
2432 0 11908 
11580 11908 0 
1
4027 
0 
0

0

1
1950 
0 
4
9301 16284 22982 24158 
0 14785 13681 15273 
14785 0 17138 9859 
13681 17138 0 11181 
15273 9859 11181 0 
3
7664 17701 19442 
0 11439 13188 
11439 0 2484 
13188 2484 0 
0

2
9821 10320 
0 510 
510 0 
2
7209 21188 
0 15349 
15349 0 
2
2778 4669 
0 4365 
4365 0 
1
3262 
0 
2
4913 6759 
0 6279 
6279 0 
1
8189 
0 
2
8018 10672 
0 4995 
4995 0 
4
11426 14329 17353 17758 
0 4075 7698 11880 
4075 0 4228 11018 
7698 4228 0 10867 
11880 11018 10867 0 
3
3340 5875 6823 
0 4734 5070 
4734 0 4188 
5070 4188 0 
0

2
18877 28204 
0 19556 
19556 0 
1
16881 
0 
0

2
3041 5584 
0 4557 
4557 0 
1
6994 
0 
0

0

0

0

1
8018 
0 
1
10546 
0 
1
11450 
0 
4
5310 10585 11593 11664 
0 8951 9244 9401 
8951 0 3771 2370 
9244 3771 0 1487 
9401 2370 1487 0 
2
2116 10523 
0 8610 
8610 0 
1
8863 
0 
0

1
12155 
0 
0

1
9601 
0 
1
1523 
0 
4
1913 6866 7402 9730 
0 6091 6627 8615 
6091 0 2836 7778 
6627 2836 0 5165 
8615 7778 5165 0 
0

0

1
4264 
0 
1
23746 
0 
0

2
4538 16806 
0 13259 
13259 0 
4
8339 16521 22457 23705 
0 13334 15082 15527 
13334 0 23564 20496 
15082 23564 0 3908 
15527 20496 3908 0 
4
10040 31098 31439 31208 
0 21625 22812 21886 
21625 0 6555 17028 
22812 6555 0 21907 
21886 17028 21907 0 
1
8446 
0 
4
24729 33946 35629 40245 
0 35737 11886 16502 
35737 0 24246 20041 
11886 24246 0 5011 
16502 20041 5011 0 
1
5689 
0 
3
3750 7858 9207 
0 4992 6341 
4992 0 2186 
6341 2186 0 
1
2217 
0 
0

1
7297 
0 
2
7749 8446 
0 1128 
1128 0 
3
9887 12531 19419 
0 7887 11366 
7887 0 12885 
11366 12885 0 
1
8720 
0 
1
20226 
0 
0

0

3
13546 19551 20791 
0 8303 8694 
8303 0 9936 
8694 9936 0 
2
2499 16195 
0 13883 
13883 0 
2
10599 10820 
0 10712 
10712 0 
0

2
12719 33332 
0 25594 
25594 0 
1
9830 
0 
4
4043 5218 18557 24852 
0 3286 14982 21277 
3286 0 15890 21971 
14982 15890 0 10704 
21277 21971 10704 0 
3
7452 9819 14238 
0 7239 9794 
7239 0 5910 
9794 5910 0 
0

0

2
7744 9044 
0 7135 
7135 0 
2
2421 2482 
0 3316 
3316 0 
4
6441 14052 14695 15366 
0 10187 9375 9782 
10187 0 16631 13654 
9375 16631 0 3356 
9782 13654 3356 0 
2
10725 13720 
0 8105 
8105 0 
1
13354 
0 
2
6460 9223 
0 5914 
5914 0 
1
7985 
0 
0

1
7318 
0 
1
10383 
0 
1
17320 
0 
0

3
4071 3910 9613 
0 1547 9223 
1547 0 9831 
9223 9831 0 
4
3010 5240 10227 11419 
0 2350 7705 8903 
2350 0 6029 8318 
7705 6029 0 2487 
8903 8318 2487 0 
2
7951 8784 
0 1263 
1263 0 
0

0

0

3
11790 16513 16624 
0 11872 11920 
11872 0 2387 
11920 2387 0 
0

2
5389 36729 
0 34358 
34358 0 
2
12720 18427 
0 6306 
6306 0 
0

0

1
26399 
0 
4
6032 8132 8378 8583 
0 2870 3136 5033 
2870 0 2400 2574 
3136 2400 0 4471 
5033 2574 4471 0 
0

2
9053 19957 
0 13238 
13238 0 
2
6173 14928 
0 9908 
9908 0 
1
12467 
0 
2
5691 9836 
0 7235 
7235 0 
0

3
13038 14828 15192 
0 11813 12673 
11813 0 860 
12673 860 0 
4
2487 3238 16444 16528 
0 1245 13957 14535 
1245 0 13839 13690 
13957 13839 0 18614 
14535 13690 18614 0 
0

0

4
10281 17669 23126 35126 
0 9010 13696 25313 
9010 0 15917 25917 
13696 15917 0 16213 
25313 25917 16213 0 
1
1820 
0 
0

2
7415 9809 
0 6345 
6345 0 
0

1
12059 
0 
2
10912 12987 
0 5622 
5622 0 
0

2
8297 11210 
0 4578 
4578 0 
1
6428 
0 
4
6507 17580 22397 23453 
0 11073 16302 16982 
11073 0 5690 6370 
16302 5690 0 6469 
16982 6370 6469 0 
0

2
20017 20427 
0 8478 
8478 0 
0

0

4
3433 26230 35557 35303 
0 23065 32669 32914 
23065 0 13577 14314 
32669 13577 0 3590 
32914 14314 3590 0 
2
3405 8079 
0 4990 
4990 0 
1
4036 
0 
1
8102 
0 
0

1
6007 
0 
3
9749 27122 27113 
0 20222 20710 
20222 0 20087 
20710 20087 0 
1
12596 
0 
3
9707 10485 13274 
0 6119 5983 
6119 0 4974 
5983 4974 0 
4
7305 9242 9458 11040 
0 3445 2996 5293 
3445 0 2526 4294 
2996 2526 0 6699 
5293 4294 6699 0 
1
6435 
0 
1
13091 
0 
1
18732 
0 
0

1
7435 
0 
0

2
8730 9393 
0 6370 
6370 0 
3
3887 11715 14462 
0 10187 13742 
10187 0 5706 
13742 5706 0 
0

1
6219 
0 
2
7736 16228 
0 11356 
11356 0 
2
12053 20216 
0 20988 
20988 0 
1
10617 
0 
2
4143 7384 
0 4469 
4469 0 
2
5877 6836 
0 1775 
1775 0 
2
8692 8981 
0 2505 
2505 0 
0

1
7605 
0 
0

2
6018 27196 
0 24979 
24979 0 
0

0

1
1571 
0 
0

3
10345 16241 19591 
0 9335 11551 
9335 0 6106 
11551 6106 0 
0

0

0

4
3145 6835 9596 12494 
0 4188 7087 10175 
4188 0 2933 6021 
7087 2933 0 5248 
10175 6021 5248 0 
1
6712 
0 
0

0

4
5826 7880 16620 23648 
0 7100 12013 19156 
7100 0 11126 16817 
12013 11126 0 8170 
19156 16817 8170 0 
1
8337 
0 
3
13784 16552 18355 
0 5059 6776 
5059 0 1825 
6776 1825 0 
3
9184 12870 13033 
0 9902 4647 
9902 0 8765 
4647 8765 0 
1
5591 
0 
1
13168 
0 
1
6399 
0 
3
5456 8975 21805 
0 3691 16521 
3691 0 13499 
16521 13499 0 
3
6180 13129 15439 
0 11037 12817 
11037 0 5256 
12817 5256 0 
2
9335 10906 
0 5244 
5244 0 
2
6584 7356 
0 5416 
5416 0 
1
5265 
0 
0

1
10366 
0 
0

1
10642 
0 
0

0

0

2
18444 18574 
0 13745 
13745 0 
2
8592 15683 
0 8207 
8207 0 
0

1
15763 
0 
0

0

0

1
12853 
0 
4
5219 7529 12049 16129 
0 6465 6830 10925 
6465 0 7634 12982 
6830 7634 0 5370 
10925 12982 5370 0 
4
4623 5622 6672 18760 
0 5432 2267 14688 
5432 0 5180 13258 
2267 5180 0 12479 
14688 13258 12479 0 
0

0

0

0

2
7137 8504 
0 6832 
6832 0 
0

1
12956 
0 
2
2124 11224 
0 10052 
10052 0 
0

2
7759 8830 
0 5746 
5746 0 
1
9437 
0 
1
7616 
0 
1
13234 
0 
1
8022 
0 
0

2
11385 14980 
0 4927 
4927 0 
1
6096 
0 
0

2
6589 7493 
0 7207 
7207 0 
1
11084 
0 
0

1
4374 
0 
3
2524 5489 8642 
0 3348 6404 
3348 0 3658 
6404 3658 0 
0

2
11039 19136 
0 13594 
13594 0 
1
4512 
0 
0

4
2563 8347 12207 12615 
0 6034 9928 10302 
6034 0 5819 6463 
9928 5819 0 3849 
10302 6463 3849 0 
0

1
8982 
0 
1
25124 
0 
3
9505 14625 27169 
0 6951 19542 
6951 0 13109 
19542 13109 0 
0

1
5631 
0 
0

1
5155 
0 
0

1
8912 
0 
0

1
9370 
0 
1
7008 
0 
0

2
5419 9751 
0 4944 
4944 0 
0

2
2732 6189 
0 3644 
3644 0 
1
34118 
0 
3
3027 9292 9790 
0 7974 7029 
7974 0 11505 
7029 11505 0 
1
7783 
0 
2
8799 11587 
0 5429 
5429 0 
4
9119 10071 13040 14651 
0 5472 4001 5819 
5472 0 9134 10440 
4001 9134 0 4684 
5819 10440 4684 0 
4
36391 39780 41253 41605 
0 11759 13080 5352 
11759 0 2324 15930 
13080 2324 0 15134 
5352 15930 15134 0 
0

0

0

0

0

4
7958 15761 18488 19462 
0 11095 13822 12039 
11095 0 3339 15867 
13822 3339 0 19005 
12039 15867 19005 0 
4
8670 12243 15440 15128 
0 4878 7136 10530 
4878 0 3303 5669 
7136 3303 0 7533 
10530 5669 7533 0 
1
11476 
0 
1
7110 
0 
0

2
18028 19430 
0 1879 
1879 0 
0

2
22527 24436 
0 5411 
5411 0 
3
5438 15640 25150 
0 13539 22158 
13539 0 20498 
22158 20498 0 
1
10072 
0 
2
12632 17527 
0 6901 
6901 0 
0

2
10490 11001 
0 3989 
3989 0 
0

1
12985 
0 
0

4
4463 4713 11168 11520 
0 3156 8345 7828 
3156 0 6995 7347 
8345 6995 0 517 
7828 7347 517 0 
0

1
7545 
0 
2
5994 9931 
0 4168 
4168 0 
2
8179 10388 
0 6765 
6765 0 
1
2147 
0 
0

1
8119 
0 
0

1
8726 
0 
0

1
9404 
0 
2
6224 6547 
0 1962 
1962 0 
1
26044 
0 
1
3430 
0 
0

0

3
6342 15128 18442 
0 9926 12100 
9926 0 14797 
12100 14797 0 
1
18084 
0 
4
7151 10179 14567 14899 
0 6344 10745 9910 
6344 0 4415 5505 
10745 4415 0 4055 
9910 5505 4055 0 
0

0

2
7319 14220 
0 7250 
7250 0 
0

4
10765 11124 12708 16655 
0 4762 3400 6595 
4762 0 3732 7814 
3400 3732 0 4284 
6595 7814 4284 0 
3
3517 19942 38963 
0 16514 35535 
16514 0 29827 
35535 29827 0 
1
5229 
0 
0

2
7006 11423 
0 8150 
8150 0 
1
12378 
0 
0

2
4357 7473 
0 3735 
3735 0 
1
15530 
0 
1
2733 
0 
4
4388 8546 9610 13905 
0 4158 7298 11435 
4158 0 6424 8807 
7298 6424 0 4625 
11435 8807 4625 0 
1
3650 
0 
2
6776 9471 
0 4756 
4756 0 
4
10992 18022 24929 32563 
0 8223 15130 27717 
8223 0 7946 21256 
15130 7946 0 21895 
27717 21256 21895 0 
3
10829 12392 35058 
0 8913 24867 
8913 0 29647 
24867 29647 0 
1
29096 
0 
0

0

2
3724 5544 
0 5609 
5609 0 
0

2
5403 6895 
0 4540 
4540 0 
3
13751 20796 22616 
0 8244 11940 
8244 0 12772 
11940 12772 0 
4
6045 11814 16170 17579 
0 5782 10138 11547 
5782 0 5812 5936 
10138 5812 0 7329 
11547 5936 7329 0 
2
12591 27087 
0 21822 
21822 0 
1
9740 
0 
0

0

0

0

3
4355 5802 13226 
0 5895 10285 
5895 0 9726 
10285 9726 0 
3
7428 8095 8882 
0 6077 2595 
6077 0 8034 
2595 8034 0 
3
18236 27399 27341 
0 19532 19474 
19532 0 337 
19474 337 0 
0

0

1
13828 
0 
2
16719 26796 
0 10614 
10614 0 
1
16599 
0 
4
3639 7510 13153 13718 
0 5470 11573 11967 
5470 0 8869 7371 
11573 8869 0 8669 
11967 7371 8669 0 
0

4
14156 17060 17591 18294 
0 6674 7205 6305 
6674 0 559 3799 
7205 559 0 4009 
6305 3799 4009 0 
3
9168 19932 25173 
0 12816 18057 
12816 0 13476 
18057 13476 0 
3
5996 6817 7184 
0 3122 4557 
3122 0 1831 
4557 1831 0 
4
4198 9565 11104 14562 
0 7377 8609 10364 
7377 0 1539 9266 
8609 1539 0 8657 
10364 9266 8657 0 
1
16044 
0 
2
3472 7679 
0 4682 
4682 0 
3
5221 9125 11548 
0 7704 9343 
7704 0 3919 
9343 3919 0 
0

1
3383 
0 
0

1
14162 
0 
2
7024 11261 
0 7224 
7224 0 
0

0

3
7522 10646 10686 
0 4540 4580 
4540 0 1541 
4580 1541 0 
0

2
4016 5813 
0 1820 
1820 0 
1
4868 
0 
1
4600 
0 
0

0

3
4088 8368 8431 
0 4620 5396 
4620 0 6292 
5396 6292 0 
4
5230 5571 7757 9628 
0 2054 8316 4755 
2054 0 6596 4354 
8316 6596 0 4850 
4755 4354 4850 0 
0

0

0

3
13014 13003 34606 
0 9775 22182 
9775 0 23242 
22182 23242 0 
3
22924 31667 32631 
0 18477 27368 
18477 0 14181 
27368 14181 0 
2
6932 10287 
0 8437 
8437 0 
0

1
6858 
0 
3
4396 5871 11591 
0 1634 9427 
1634 0 9778 
9427 9778 0 
1
13625 
0 
0

0

0

0

0

1
34294 
0 
0

1
10761 
0 
1
2422 
0 
1
14456 
0 
4
3715 3820 13816 15040 
0 4033 11286 11705 
4033 0 10822 12263 
11286 10822 0 2312 
11705 12263 2312 0 
2
7643 20753 
0 17802 
17802 0 
0

1
11048 
0 
0

3
3814 8705 10731 
0 6184 9465 
6184 0 4155 
9465 4155 0 
4
2741 15891 17379 27914 
0 13340 16576 27111 
13340 0 19704 25266 
16576 19704 0 10695 
27111 25266 10695 0 
2
3958 8794 
0 6521 
6521 0 
2
18341 20908 
0 3539 
3539 0 
2
5165 10446 
0 9490 
9490 0 
0

1
7586 
0 
2
7755 11889 
0 5471 
5471 0 
1
13754 
0 
1
3418 
0 
3
13016 21871 23357 
0 17716 10563 
17716 0 12172 
10563 12172 0 
2
17402 18909 
0 13990 
13990 0 
4
6241 7810 12496 13718 
0 5114 6377 11521 
5114 0 9860 7066 
6377 9860 0 13773 
11521 7066 13773 0 
0

1
29111 
0 
0

1
3895 
0 
0

1
2784 
0 
2
8694 9008 
0 9109 
9109 0 
4
3723 5551 6465 8753 
0 3221 2837 6617 
3221 0 1739 7932 
2837 1739 0 6326 
6617 7932 6326 0 
1
15963 
0 
4
15700 16405 19892 20814 
0 1518 5797 11500 
1518 0 5791 12382 
5797 5791 0 9594 
11500 12382 9594 0 
1
2292 
0 
0

0

4
6502 16329 37393 42958 
0 10990 31249 36814 
10990 0 30968 36533 
31249 30968 0 5565 
36814 36533 5565 0 
3
18043 18263 21264 
0 13705 8580 
13705 0 6467 
8580 6467 0 
1
4114 
0 
0

1
11853 
0 
0

2
4499 4891 
0 3019 
3019 0 
0

1
26327 
0 
1
32636 
0 
3
5316 6675 9448 
0 1523 8317 
1523 0 7926 
8317 7926 0 
1
34354 
0 
0

3
5120 11631 14516 
0 11433 9396 
11433 0 15293 
9396 15293 0 
3
13142 19180 20519 
0 14962 10595 
14962 0 8082 
10595 8082 0 
0

3
2117 10226 12570 
0 8134 10689 
8134 0 13083 
10689 13083 0 
4
8464 19695 28171 29392 
0 15206 21593 21883 
15206 0 11372 20414 
21593 11372 0 19484 
21883 20414 19484 0 
0

0

3
6790 12326 14029 
0 9555 10660 
9555 0 3385 
10660 3385 0 
1
5678 
0 
1
5840 
0 
3
4691 4870 8232 
0 3615 5977 
3615 0 3603 
5977 3603 0 
1
12548 
0 
0

1
11280 
0 
0

2
5646 11370 
0 6826 
6826 0 
0

0

2
14315 22567 
0 11962 
11962 0 
0

1
5434 
0 
1
2792 
0 
0

1
5776 
0 
1
6027 
0 
2
17042 19266 
0 4146 
4146 0 
2
5392 15857 
0 10808 
10808 0 
4
4105 7455 9526 11267 
0 8109 6153 7714 
8109 0 4247 8781 
6153 4247 0 6205 
7714 8781 6205 0 
4
4290 15789 17688 17820 
0 12002 13901 14384 
12002 0 7332 13523 
13901 7332 0 7802 
14384 13523 7802 0 
4
7697 11348 12961 16256 
0 10697 11201 11086 
10697 0 4832 13642 
11201 4832 0 8824 
11086 13642 8824 0 
2
3849 8200 
0 4457 
4457 0 
0

0

1
4632 
0 
1
8710 
0 
3
5114 10550 25407 
0 5787 20518 
5787 0 15096 
20518 15096 0 
4
10043 14682 21477 18023 
0 17439 11440 17850 
17439 0 14398 5406 
11440 14398 0 12734 
17850 5406 12734 0 
0

4
13447 14580 16147 19881 
0 14020 3927 16604 
14020 0 11612 6433 
3927 11612 0 14191 
16604 6433 14191 0 
0

2
13680 20292 
0 22135 
22135 0 
0

0

1
7700 
0 
2
7063 16138 
0 14500 
14500 0 
3
8170 12864 19393 
0 6347 15745 
6347 0 13902 
15745 13902 0 
2
3698 6986 
0 5689 
5689 0 
0

2
5937 7758 
0 4142 
4142 0 
1
13461 
0 
4
8023 8833 15632 17206 
0 4713 14713 10534 
4713 0 12162 11062 
14713 12162 0 16172 
10534 11062 16172 0 
0

0

2
11349 17663 
0 10466 
10466 0 
2
4418 17916 
0 14648 
14648 0 
1
3599 
0 
2
4117 8003 
0 4744 
4744 0 
0

0

1
10624 
0 
4
4931 16363 18539 25357 
0 12180 14048 20886 
12180 0 17117 10767 
14048 17117 0 24950 
20886 10767 24950 0 
0

2
3518 11200 
0 7726 
7726 0 
2
13499 15758 
0 9045 
9045 0 
0

0

2
7662 9670 
0 4958 
4958 0 
0

2
6855 8911 
0 5411 
5411 0 
4
9438 15160 16619 21660 
0 16682 14291 17391 
16682 0 3673 8476 
14291 3673 0 5699 
17391 8476 5699 0 
2
4448 12674 
0 9988 
9988 0 
1
10341 
0 
4
3616 3849 6064 11543 
0 2429 2448 8268 
2429 0 4406 10445 
2448 4406 0 6711 
8268 10445 6711 0 
1
4527 
0 
2
7383 9143 
0 3802 
3802 0 
0

0

3
4606 14045 22699 
0 12426 19908 
12426 0 11062 
19908 11062 0 
3
4498 10750 13765 
0 8063 9879 
8063 0 13240 
9879 13240 0 
2
17733 23949 
0 6243 
6243 0 
0

3
17934 19523 22283 
0 1956 14281 
1956 0 12375 
14281 12375 0 
1
6635 
0 
3
3516 6416 9010 
0 3237 8811 
3237 0 9304 
8811 9304 0 
4
12941 14733 16113 18831 
0 8996 5632 7786 
8996 0 5805 6200 
5632 5805 0 3839 
7786 6200 3839 0 
1
14384 
0 
2
836 3237 
0 3052 
3052 0 
2
21477 22933 
0 2268 
2268 0 
0

2
4948 37746 
0 32981 
32981 0 
0

0

0

0

1
37990 
0 
0

1
6361 
0 
1
5291 
0 
0

2
2910 9968 
0 7420 
7420 0 
1
5777 
0 
2
5781 9802 
0 4352 
4352 0 
2
6921 12578 
0 7880 
7880 0 
1
4145 
0 
2
16039 21380 
0 8259 
8259 0 
1
7857 
0 
0

2
2175 10165 
0 8103 
8103 0 
0

0

2
8590 10239 
0 2340 
2340 0 
1
5004 
0 
2
5211 5266 
0 2727 
2727 0 
1
4371 
0 
4
5025 5686 8187 10751 
0 3498 5446 6326 
3498 0 7370 7254 
5446 7370 0 8467 
6326 7254 8467 0 
1
9598 
0 
0

2
12268 15456 
0 5576 
5576 0 
2
3866 6700 
0 3360 
3360 0 
0

1
5849 
0 
2
23157 39734 
0 16825 
16825 0 
3
15602 17476 18182 
0 3074 11380 
3074 0 13728 
11380 13728 0 
0

0

1
15354 
0 
0

0

3
5022 7484 17567 
0 7226 13096 
7226 0 12989 
13096 12989 0 
0

2
7342 12670 
0 7714 
7714 0 
1
7710 
0 
0

1
10121 
0 
2
5644 5863 
0 4360 
4360 0 
1
4913 
0 
1
3375 
0 
0

4
6683 6753 6862 7139 
0 5420 1605 1828 
5420 0 5901 5230 
1605 5901 0 1700 
1828 5230 1700 0 
4
9368 15786 23862 27228 
0 11454 16684 20057 
11454 0 12809 16126 
16684 12809 0 4447 
20057 16126 4447 0 
0

4
14649 18499 18946 21862 
0 12236 12694 12757 
12236 0 479 8349 
12694 479 0 8442 
12757 8349 8442 0 
1
12223 
0 
4
4258 5957 13493 13992 
0 6084 9841 10223 
6084 0 8221 8940 
9841 8221 0 5770 
10223 8940 5770 0 
0

4
8796 16351 20066 28242 
0 11038 17781 21535 
11038 0 8016 13427 
17781 8016 0 9686 
21535 13427 9686 0 
1
10724 
0 
2
3062 6412 
0 4351 
4351 0 
0

2
5200 5864 
0 1385 
1385 0 
2
16104 21663 
0 6597 
6597 0 
0

1
5624 
0 
0

1
9427 
0 
1
12475 
0 
0

3
4813 8691 10163 
0 6072 8402 
6072 0 2485 
8402 2485 0 
4
2981 11638 15046 16535 
0 9150 12740 14047 
9150 0 4891 5992 
12740 4891 0 3209 
14047 5992 3209 0 
2
16897 23898 
0 10790 
10790 0 
4
8371 10068 16132 19091 
0 2297 10150 11234 
2297 0 12447 12004 
10150 12447 0 19320 
11234 12004 19320 0 
4
5991 7452 11237 15432 
0 2233 5257 12838 
2233 0 5654 11040 
5257 5654 0 13412 
12838 11040 13412 0 
1
10663 
0 
1
10292 
0 
2
10904 16136 
0 5232 
5232 0 
2
14483 21246 
0 17308 
17308 0 
0

4
6525 6914 21057 21218 
0 5546 15302 15463 
5546 0 14808 14946 
15302 14808 0 1449 
15463 14946 1449 0 
1
5398 
0 
3
3400 7308 8790 
0 7696 7339 
7696 0 2719 
7339 2719 0 
2
7695 15403 
0 14477 
14477 0 
3
18092 36351 40329 
0 20547 24525 
20547 0 4050 
24525 4050 0 
2
8421 10258 
0 4659 
4659 0 
1
999 
0 
2
5763 7688 
0 3450 
3450 0 
1
21565 
0 
4
4299 7344 8688 10880 
0 3769 5654 7305 
3769 0 4648 3546 
5654 4648 0 7077 
7305 3546 7077 0 
0

3
12169 12797 15103 
0 4243 4537 
4243 0 7529 
4537 7529 0 
0

1
10616 
0 
2
5158 6822 
0 4273 
4273 0 
0

0

1
5343 
0 
0

2
10773 19712 
0 10609 
10609 0 
2
9969 14564 
0 10121 
10121 0 
1
11236 
0 
1
9407 
0 
2
16784 20204 
0 4022 
4022 0 
2
7422 15059 
0 11707 
11707 0 
3
9128 13336 14079 
0 5235 6529 
5235 0 5228 
6529 5228 0 
2
4664 6373 
0 3799 
3799 0 
2
7616 10179 
0 4541 
4541 0 
1
5109 
0 
0

1
10315 
0 
1
11066 
0 
0

2
7479 15577 
0 12947 
12947 0 
3
7886 9036 10975 
0 2067 4386 
2067 0 2373 
4386 2373 0 
1
5754 
0 
4
7984 9051 10983 12398 
0 5470 6142 8854 
5470 0 4279 3774 
6142 4279 0 4078 
8854 3774 4078 0 
1
3407 
0 
1
12487 
0 
0

1
2513 
0 
0

0

1
5024 
0 
1
8687 
0 
2
6858 7522 
0 5424 
5424 0 
0

4
6596 9675 10004 10372 
0 7599 3540 4076 
7599 0 6435 4430 
3540 6435 0 2421 
4076 4430 2421 0 
1
8599 
0 
1
32586 
0 
1
6819 
0 
1
5678 
0 
4
11406 11754 20551 20339 
0 854 14064 16072 
854 0 13214 15485 
14064 13214 0 7997 
16072 15485 7997 0 
0

1
2705 
0 
1
3465 
0 
1
6531 
0 
1
21882 
0 
1
24338 
0 
0

0

0

0

3
9225 12018 12752 
0 3236 10829 
3236 0 11624 
10829 11624 0 
4
15196 16311 26875 24213 
0 2763 16141 17127 
2763 0 18834 19820 
16141 18834 0 9130 
17127 19820 9130 0 
1
4879 
0 
0

0

1
5830 
0 
1
13494 
0 
2
7020 13627 
0 9915 
9915 0 
3
4678 5151 6166 
0 1444 2504 
1444 0 1272 
2504 1272 0 
2
14551 15569 
0 16686 
16686 0 
4
10110 20502 23373 23839 
0 10464 13398 15543 
10464 0 8476 17108 
13398 8476 0 10896 
15543 17108 10896 0 
1
11321 
0 
4
5340 10486 16800 24874 
0 7320 11460 19534 
7320 0 12668 20399 
11460 12668 0 11452 
19534 20399 11452 0 
0

1
8536 
0 
0

0

0

2
9490 11631 
0 2745 
2745 0 
2
6103 11293 
0 5725 
5725 0 
1
18491 
0 
0

2
5939 12336 
0 7812 
7812 0 
1
10720 
0 
1
2144 
0 
3
12215 13772 21287 
0 4400 15768 
4400 0 13159 
15768 13159 0 
1
3764 
0 
3
7395 7836 11061 
0 6397 5500 
6397 0 7642 
5500 7642 0 
2
16643 17213 
0 7983 
7983 0 
1
1891 
0 
0

4
18641 20583 21257 21582 
0 14603 2959 3137 
14603 0 16455 14211 
2959 16455 0 2249 
3137 14211 2249 0 
0

4
6846 8316 8471 11083 
0 5921 5136 7748 
5921 0 1641 3103 
5136 1641 0 2998 
7748 3103 2998 0 
4
4935 11405 11983 12007 
0 7202 8063 8428 
7202 0 6119 8984 
8063 6119 0 2869 
8428 8984 2869 0 
2
11753 16847 
0 5928 
5928 0 
0

3
5679 15128 30734 
0 10024 25630 
10024 0 15606 
25630 15606 0 
0

0

0

1
7796 
0 
2
12202 12497 
0 7372 
7372 0 
1
6468 
0 
3
4999 17511 35669 
0 12512 32729 
12512 0 30219 
32729 30219 0 
3
8283 17677 18979 
0 10718 12020 
10718 0 2338 
12020 2338 0 
2
3061 9965 
0 9124 
9124 0 
0

2
3347 3384 
0 3408 
3408 0 
0

1
5204 
0 
1
3968 
0 
1
15663 
0 
2
9795 13831 
0 13317 
13317 0 
2
9582 10218 
0 9996 
9996 0 
2
5426 5670 
0 3962 
3962 0 
2
6100 15296 
0 11605 
11605 0 
0

1
5959 
0 
2
7518 21729 
0 20655 
20655 0 
0

3
11206 24375 24909 
0 14933 15458 
14933 0 6592 
15458 6592 0 
0

4
7029 8400 8870 9657 
0 3289 4040 3004 
3289 0 856 3578 
4040 856 0 4229 
3004 3578 4229 0 
4
15361 16266 17631 18046 
0 4456 6471 3408 
4456 0 2917 6127 
6471 2917 0 8645 
3408 6127 8645 0 
1
4207 
0 
3
6719 7737 8638 
0 8417 7541 
8417 0 1552 
7541 1552 0 
1
17874 
0 
0

3
8787 15512 17283 
0 11351 13122 
11351 0 2529 
13122 2529 0 
3
30425 35361 37663 
0 15673 22367 
15673 0 7090 
22367 7090 0 
1
5004 
0 
1
5822 
0 
4
4554 7815 14143 17926 
0 3768 13596 17074 
3768 0 10743 14105 
13596 10743 0 3784 
17074 14105 3784 0 
1
4065 
0 
1
7855 
0 
1
3543 
0 
1
3826 
0 
2
18811 30239 
0 29490 
29490 0 
2
12657 13464 
0 7005 
7005 0 
0

1
7847 
0 
3
5774 8995 10914 
0 6918 5146 
6918 0 11695 
5146 11695 0 
2
10562 11281 
0 3402 
3402 0 
1
6292 
0 
1
5930 
0 
4
3950 7387 7981 8135 
0 3444 7345 7762 
3444 0 7029 7442 
7345 7029 0 477 
7762 7442 477 0 
2
14267 18989 
0 16510 
16510 0 
0

4
7520 21678 25430 27810 
0 17166 17910 20473 
17166 0 19738 10525 
17910 19738 0 16781 
20473 10525 16781 0 
0

0

2
6291 13815 
0 10461 
10461 0 
1
3348 
0 
1
4835 
0 
0

0

4
8160 8602 15472 18404 
0 1199 8712 11951 
1199 0 7513 12373 
8712 7513 0 19016 
11951 12373 19016 0 
2
8405 12055 
0 8722 
8722 0 
2
6705 11974 
0 10535 
10535 0 
2
7976 21155 
0 16945 
16945 0 
0

1
15296 
0 
1
2789 
0 
2
12597 15379 
0 4576 
4576 0 
0

3
15137 23096 26833 
0 12287 12690 
12287 0 24156 
12690 24156 0 
4
7195 13341 15388 16602 
0 8057 13156 13998 
8057 0 9164 9145 
13156 9164 0 3174 
13998 9145 3174 0 
1
5277 
0 
1
2546 
0 
4
4661 16835 19368 37435 
0 14121 16672 34943 
14121 0 2575 21218 
16672 2575 0 20500 
34943 21218 20500 0 
0

1
6232 
0 
1
15251 
0 
0

0

1
6975 
0 
0

4
2913 8398 13817 14048 
0 7257 12676 11212 
7257 0 5502 7935 
12676 5502 0 7778 
11212 7935 7778 0 
1
4646 
0 
1
12261 
0 
1
1862 
0 
2
7846 21144 
0 17051 
17051 0 
0

1
7688 
0 
1
6933 
0 
2
8824 12045 
0 5016 
5016 0 
0

1
11024 
0 
1
18650 
0 
1
6259 
0 
4
11609 23600 30514 32560 
0 13390 20304 21738 
13390 0 18844 24993 
20304 18844 0 6558 
21738 24993 6558 0 
4
25520 27133 29462 32924 
0 5444 4892 9841 
5444 0 10099 6278 
4892 10099 0 9949 
9841 6278 9949 0 
0

0

0

0

1
6219 
0 
0

1
10066 
0 
3
2598 5867 9567 
0 4411 7747 
4411 0 4593 
7747 4593 0 
3
8424 9238 9929 
0 3795 3990 
3795 0 7778 
3990 7778 0 
1
44444 
0 
2
5773 12400 
0 9416 
9416 0 
0

0

2
12306 15631 
0 7084 
7084 0 
2
11173 12617 
0 8857 
8857 0 
2
10252 11366 
0 3648 
3648 0 
1
8895 
0 
0

0

1
2312 
0 
2
4577 13716 
0 9680 
9680 0 
2
3340 5741 
0 7338 
7338 0 
1
3093 
0 
3
4437 5365 5918 
0 1138 3496 
1138 0 3205 
3496 3205 0 
3
12146 20647 20320 
0 8733 9389 
8733 0 4098 
9389 4098 0 
1
5644 
0 
0

0

1
5217 
0 
0

0

4
9641 19964 21349 23725 
0 12417 14535 16911 
12417 0 20835 23558 
14535 20835 0 3334 
16911 23558 3334 0 
1
8743 
0 
2
6575 7184 
0 5186 
5186 0 
2
12123 16905 
0 8743 
8743 0 
0

1
9125 
0 
3
22460 23844 24593 
0 2892 15582 
2892 0 16966 
15582 16966 0 
0

2
6397 13163 
0 7044 
7044 0 
1
11315 
0 
0

1
5974 
0 
1
12123 
0 
3
37122 36749 42072 
0 27001 5339 
27001 0 22628 
5339 22628 0 
1
5322 
0 
2
10474 11376 
0 5703 
5703 0 
2
5720 9884 
0 5581 
5581 0 
2
10890 13183 
0 7973 
7973 0 
3
3149 4479 5182 
0 1382 2339 
1382 0 3059 
2339 3059 0 
0

3
5301 5901 23110 
0 3386 18272 
3386 0 18581 
18272 18581 0 
2
7959 28221 
0 23400 
23400 0 
2
5608 9206 
0 4164 
4164 0 
0

3
13007 14744 15900 
0 4206 5474 
4206 0 1615 
5474 1615 0 
1
8968 
0 
0

3
26530 29653 31957 
0 14378 12136 
14378 0 24555 
12136 24555 0 
0

2
3513 6744 
0 4934 
4934 0 
4
3033 5127 11702 13158 
0 3606 8923 10379 
3606 0 8422 9488 
8923 8422 0 3021 
10379 9488 3021 0 
0

1
5028 
0 
1
5391 
0 
1
9630 
0 
4
10458 20024 23548 23710 
0 15681 16278 19383 
15681 0 13618 4390 
16278 13618 0 11480 
19383 4390 11480 0 
0

4
23192 28570 32833 36032 
0 5378 19693 25340 
5378 0 25071 30718 
19693 25071 0 10278 
25340 30718 10278 0 
2
7572 13228 
0 9345 
9345 0 
4
3300 6957 8417 12602 
0 4679 7397 11512 
4679 0 5275 9248 
7397 5275 0 5366 
11512 9248 5366 0 
2
7773 8569 
0 8643 
8643 0 
0

1
7164 
0 
4
13791 14316 19475 22172 
0 5144 11599 11200 
5144 0 16078 9753 
11599 16078 0 21458 
11200 9753 21458 0 
4
5522 8759 23953 25620 
0 8162 18436 25056 
8162 0 18907 19136 
18436 18907 0 25740 
25056 19136 25740 0 
1
6001 
0 
4
2662 9051 9973 13038 
0 6395 7328 10393 
6395 0 4089 5088 
7328 4089 0 3175 
10393 5088 3175 0 
1
11785 
0 
0

1
4363 
0 
0

1
8474 
0 
2
2740 9760 
0 9207 
9207 0 
1
6022 
0 
2
6061 16726 
0 12205 
12205 0 
0

1
4617 
0 
1
8149 
0 
1
11295 
0 
3
8520 15044 19131 
0 13815 14692 
13815 0 4997 
14692 4997 0 
0

0

3
10801 19924 21098 
0 15060 11839 
15060 0 11648 
11839 11648 0 
2
5317 9762 
0 5937 
5937 0 
3
1427 9186 13197 
0 8857 12252 
8857 0 7364 
12252 7364 0 
1
6373 
0 
1
4887 
0 
1
5835 
0 
2
3565 4050 
0 2088 
2088 0 
0

4
5609 12144 12145 20784 
0 9597 8350 17082 
9597 0 9733 13548 
8350 9733 0 9763 
17082 13548 9763 0 
1
25618 
0 
1
4844 
0 
1
6267 
0 
2
15006 14324 
0 8446 
8446 0 
2
17028 17421 
0 4734 
4734 0 
0

0

2
6509 8161 
0 6612 
6612 0 
1
8249 
0 
0

2
3515 8267 
0 5458 
5458 0 
1
2348 
0 
1
5095 
0 
0

0

0

1
2352 
0 
0

0

0

4
9644 13277 13438 14761 
0 10400 6166 7573 
10400 0 14559 15965 
6166 14559 0 1552 
7573 15965 1552 0 
1
11056 
0 
0

3
10002 10407 14669 
0 7883 8634 
7883 0 6421 
8634 6421 0 
2
799 5322 
0 4873 
4873 0 
1
6557 
0 
0

0

1
5603 
0 
0

1
6163 
0 
0

3
9965 14430 19097 
0 12267 16499 
12267 0 8628 
16499 8628 0 
0

